import numpy as np
from matplotlib import pyplot as plt

v0_emregny = np.array([[10,0],[20 ,7], [40 ,14],[40 ,44], [80 ,75], [30,88], [80 ,125], [70,140],
                       [100,158],[70,203], [100,248], [70,265], [100,288], [80,299]])
v0_emregny_f = np.array([10,20,40,40,80,30,80,70,100,70,100,70,100,90])
#|-------------------------------------------------------------------------------------------------------------------

v1_adnangny = np.array([[10,0], [7 ,7], [20 ,14],[10 ,44], [50 ,75], [30,88], [100 ,125],[50,140],
                        [60,158], [30,203], [40,248], [20,265], [40,288], [40,299]])
v1_adnangny_f = np.array([10,7,20,10,50,30,100,50,60,30,40,20,40,40])
#|-------------------------------------------------------------------------------------------------------------------

v1_sunapkr = np.array([[10,0],[20 ,7], [30 ,14],[45 ,44],[60 ,75], [40,88], [70 ,125],[50,140],
                       [50,158], [40,203], [60,248], [35,265], [50,288], [80,299]])
v1_sunapkr_f = np.array([10,20,30,45,60,40,125,50,50,50,60,35,50,80])
#|-------------------------------------------------------------------------------------------------------------------

v2_nslhn = np.array([[20,0],[15 ,7], [20 ,14],[17 ,44],[15 ,75], [25,88], [20 ,125],[17,140],
                     [15, 158], [17,203], [20,248], [10,265], [20,288], [25,299]])
v2_nslhn_f = np.array([20,15,20,17,15,25,20,17,15,17,20,10,20,25])
#|-------------------------------------------------------------------------------------------------------------------

v4_trgy = np.array([[20,0],[15 ,7], [20 ,14],[40 ,44],[100 ,75], [50,88], [100,125],[30,140],
                    [60, 158], [30,203], [100,248], [30,265], [60,288], [75,299]])
v4_trgy_f = np.array([20,15,20,40,100,50,100,30,60,30,100,30,60,75])
#|-------------------------------------------------------------------------------------------------------------------

v5_hsyngzl = np.array([[20,0],[15 ,7],[10 ,33],[10 ,44], [12 ,60], [15 ,75], [17,88], [20,95],
                       [20,129],[10,140],[10,155],[20, 190], [25,216], [20,225]])
v5_hsyngzl_f = np.array([20,15,10,10,12,15,17,20,20,10,10,20,25,20])
#|-------------------------------------------------------------------------------------------------------------------

v9_engnpkr = np.array([[20,0],[30 ,7], [20 ,33],[20 ,44], [50 ,60], [20 ,75],[30, 88], [50,95],
                       [80, 129],[30, 140],[20, 155], [60, 190], [20,216], [60,225]])
v9_engnpkr_f = np.array([20,30,20,20,50,20,30,50,80,30,20,60,20,60])
#|-------------------------------------------------------------------------------------------------------------------

v8_srvtgny = np.array([[20, 0],[30 ,7], [30 ,14],[60, 44],[50, 75], [50, 88], [50, 125],[30, 140],
                       [50, 158], [60, 203], [50, 248], [40, 265], [50, 288], [60, 299]])
v8_srvtgny_f = np.array([20,30,30,60,50,50,50,30,50,60,50,40,50,60])
#|-------------------------------------------------------------------------------------------------------------------

data = v8_srvtgny
x, y = data.T
plt.scatter(y,x)
plt.ylabel("Fear Level(0-100)")
plt.xlabel('Time(seconds)')
plt.plot(y,x)
ax = plt.gca()
ax.set_ylim([0, 150])
ax.set_xlim([0, 304])
plt.show()

